place(17.950, 0.987, 33.797, "Scout", 250)
place(23.757, 0.983, 34.580, "Scout", 250)
place(26.904, 0.970, 34.001, "Scout", 250)
place(17.946, 0.986, 30.722, "Scout", 250)
place(20.442, 0.988, 28.982, "Scout", 250)
place(23.523, 0.987, 28.955, "Scout", 250)
place(26.614, 0.986, 28.901, "Scout", 250)
upgrade(17.950, 2.337, 33.797, 150)
upgrade(17.946, 2.336, 30.722, 150)
upgrade(20.442, 2.338, 28.982, 150)
upgrade(23.523, 2.337, 28.955, 150)
upgrade(26.614, 2.336, 28.901, 150)
upgrade(23.757, 2.333, 34.580, 150)
upgrade(26.904, 2.320, 34.001, 150)
upgrade(20.442, 2.338, 28.982, 500)
upgrade(23.523, 2.337, 28.955, 500)
upgrade(26.614, 2.336, 28.901, 500)
upgrade(17.950, 2.337, 33.797, 500)
upgrade(23.757, 2.333, 34.580, 500)
upgrade(26.904, 2.320, 34.001, 500)
place(21.851, 0.988, 26.296, "Scout", 250)
upgrade(21.851, 2.338, 26.296, 150)
upgrade(21.851, 2.338, 26.296, 500)
place(24.912, 0.988, 26.249, "Scout", 250)
upgrade(24.912, 2.338, 26.249, 150)
upgrade(24.912, 2.338, 26.249, 500)
place(25.837, 0.967, 36.839, "Scout", 250)
upgrade(25.837, 2.317, 36.839, 150)
upgrade(25.837, 2.317, 36.839, 500)
place(27.950, 0.987, 26.176, "Scout", 250)
upgrade(27.950, 2.337, 26.176, 150)
upgrade(27.950, 2.337, 26.176, 500)
place(29.658, 0.981, 28.784, "Scout", 250)
upgrade(29.658, 2.331, 28.784, 150)
upgrade(29.658, 2.331, 28.784, 500)
place(17.560, 0.983, 27.728, "Scout", 250)
upgrade(17.560, 2.333, 27.728, 150)
upgrade(17.560, 2.333, 27.728, 500)
place(14.854, 0.985, 33.914, "Scout", 250)
upgrade(14.854, 2.335, 33.914, 150)
upgrade(14.854, 2.335, 33.914, 500)
place(14.881, 0.982, 30.848, "Scout", 250)
upgrade(14.881, 2.332, 30.848, 150)
upgrade(14.881, 2.332, 30.848, 500)
place(14.522, 0.979, 27.866, "Scout", 250)
upgrade(14.522, 2.329, 27.866, 150)
upgrade(14.522, 2.329, 27.866, 500)
place(19.040, 0.983, 25.070, "Scout", 250)
upgrade(19.040, 2.333, 25.070, 150)
upgrade(19.040, 2.333, 25.070, 500)
place(15.910, 0.979, 25.085, "Scout", 250)
upgrade(15.910, 2.329, 25.085, 150)
upgrade(15.910, 2.329, 25.085, 500)
place(12.212, 0.980, 32.319, "Scout", 250)
upgrade(12.212, 2.330, 32.319, 150)
upgrade(12.212, 2.330, 32.319, 500)
place(11.714, 0.977, 29.287, "Scout", 250)
upgrade(11.714, 2.327, 29.287, 150)
upgrade(11.714, 2.327, 29.287, 500)
place(9.384, 0.975, 31.311, "Scout", 250)
upgrade(11.714, 2.327, 29.287, 2325)
upgrade(12.212, 2.330, 32.319, 2325)
upgrade(14.522, 2.329, 27.866, 2325)
upgrade(14.881, 2.332, 30.848, 2325)
upgrade(14.854, 2.335, 33.914, 2325)
upgrade(15.910, 2.329, 25.085, 2325)
upgrade(17.560, 2.333, 27.728, 2325)
upgrade(17.946, 2.336, 30.722, 500)
upgrade(17.946, 2.336, 30.722, 2325)
upgrade(17.950, 2.337, 33.797, 2325)
upgrade(19.040, 2.333, 25.070, 2325)
upgrade(20.442, 2.338, 28.982, 2325)
upgrade(21.851, 2.338, 26.296, 2325)
sell(25.837, 2.317, 36.839)
place(11.944, 0.974, 26.170, "Scout", 250)
upgrade(11.944, 2.324, 26.170, 150)
upgrade(11.944, 2.324, 26.170, 500)
upgrade(11.944, 2.324, 26.170, 2325)
sell(23.757, 2.333, 34.580)
place(9.156, 0.972, 27.556, "Scout", 250)
upgrade(9.156, 2.322, 27.556, 150)
upgrade(9.156, 2.322, 27.556, 500)
upgrade(9.156, 2.322, 27.556, 2325)
upgrade(24.912, 2.338, 26.249, 2325)
upgrade(23.523, 2.337, 28.955, 2325)
sell(26.904, 2.320, 34.001)
place(8.935, 0.974, 30.585, "Scout", 250)
upgrade(8.935, 2.324, 30.585, 150)
upgrade(8.935, 2.324, 30.585, 500)
upgrade(8.935, 2.324, 30.585, 2325)
sell(27.950, 2.337, 26.176)
place(6.374, 0.969, 28.933, "Scout", 250)
upgrade(6.374, 2.319, 28.933, 150)
upgrade(6.374, 2.319, 28.933, 500)
upgrade(6.374, 2.319, 28.933, 2325)
upgrade(26.614, 2.336, 28.901, 2325)
upgrade(29.658, 2.331, 28.784, 2325)
upgrade(9.156, 2.322, 27.556, 5500)
upgrade(11.714, 2.327, 29.287, 5500)
upgrade(11.944, 2.324, 26.170, 5500)
upgrade(6.374, 2.319, 28.933, 5500)
upgrade(8.935, 2.324, 30.585, 5500)
upgrade(14.522, 2.329, 27.866, 5500)
upgrade(15.910, 2.329, 25.085, 5500)
upgrade(12.212, 2.330, 32.319, 5500)
upgrade(19.040, 2.333, 25.070, 5500)
upgrade(17.560, 2.333, 27.728, 5500)
upgrade(17.946, 2.336, 30.722, 5500)
upgrade(14.881, 2.332, 30.848, 5500)
upgrade(20.442, 2.338, 28.982, 5500)
upgrade(23.523, 2.337, 28.955, 5500)
